image: /home/rnd/ayosb_st.pgm
resolution: 0.050000
origin: [-6.409429, -22.562131, 0.000000]
negate: 0
occupied_thresh: 0.65
free_thresh: 0.196

