robot_position:
  frame_id: map
  position:
    x: -0.09076589701789606
    y: 0.01688736651169881
    z: 0
  orientation:
    x: 0
    y: 0
    z: -0.1599549275600391
    w: 0.9871243189939466